[400, 78, 4]
[0, 78, 100, 178, 200, 278, 300, 378, 400]
[-1.         -0.97429471 -0.94858942 -0.92288413 -0.89717884 -0.87147356
 -0.84576827 -0.82006298 -0.79435769 -0.7686524  -0.74294711 -0.71724182
 -0.69153653 -0.66583124 -0.64012596 -0.61442067 -0.58871538 -0.56301009
 -0.5373048  -0.51159951 -0.48589422 -0.46018893 -0.43448365 -0.40877836
 -0.38307307 -0.35736778 -0.33166249 -0.3059572  -0.28025191 -0.25454662
 -0.22884133 -0.20313605 -0.17743076 -0.15172547 -0.12602018 -0.10031489
 -0.0746096  -0.04890431 -0.02319902  0.00250627  0.02821155  0.05391684
  0.07962213  0.10532742  0.13103271  0.156738    0.18244329  0.20814858
  0.23385387  0.25955915  0.28526444  0.31096973  0.33667502  0.36238031
  0.3880856   0.41379089  0.43949618  0.46520147  0.49090675  0.51661204
  0.54231733  0.56802262  0.59372791  0.6194332   0.64513849  0.67084378
  0.69654906  0.72225435  0.74795964  0.77366493  0.79937022  0.82507551
  0.8507808   0.87648609  0.90219138  0.92789666  0.95360195  0.97930724
  0.9822283   0.89109136  0.79995443  0.7088175   0.61768057  0.52654363
  0.4354067   0.34426977  0.25313283  0.1619959   0.07085897 -0.02027797
 -0.1114149  -0.20255183 -0.29368877 -0.3848257  -0.47596263 -0.56709957
 -0.6582365  -0.74937343 -0.84051037 -0.9316473  -0.99357368 -0.96786839
 -0.9421631  -0.91645781 -0.89075252 -0.86504723 -0.83934194 -0.81363666
 -0.78793137 -0.76222608 -0.73652079 -0.7108155  -0.68511021 -0.65940492
 -0.63369963 -0.60799434 -0.58228906 -0.55658377 -0.53087848 -0.50517319
 -0.4794679  -0.45376261 -0.42805732 -0.40235203 -0.37664675 -0.35094146
 -0.32523617 -0.29953088 -0.27382559 -0.2481203  -0.22241501 -0.19670972
 -0.17100443 -0.14529915 -0.11959386 -0.09388857 -0.06818328 -0.04247799
 -0.0167727   0.00893259  0.03463788  0.06034317  0.08604845  0.11175374
  0.13745903  0.16316432  0.18886961  0.2145749   0.24028019  0.26598548
  0.29169077  0.31739605  0.34310134  0.36880663  0.39451192  0.42021721
  0.4459225   0.47162779  0.49733308  0.52303837  0.54874365  0.57444894
  0.60015423  0.62585952  0.65156481  0.6772701   0.70297539  0.72868068
  0.75438596  0.78009125  0.80579654  0.83150183  0.85720712  0.88291241
  0.9086177   0.93432299  0.96002828  0.98573356  0.95944406  0.86830713
  0.7771702   0.68603326  0.59489633  0.5037594   0.41262247  0.32148553
  0.2303486   0.13921167  0.04807473 -0.0430622  -0.13419913 -0.22533607
 -0.316473   -0.40760993 -0.49874687 -0.5898838  -0.68102073 -0.77215767
 -0.8632946  -0.95443153 -0.98714736 -0.96144207 -0.93573678 -0.91003149
 -0.8843262  -0.85862091 -0.83291562 -0.80721033 -0.78150504 -0.75579976
 -0.73009447 -0.70438918 -0.67868389 -0.6529786  -0.62727331 -0.60156802
 -0.57586273 -0.55015744 -0.52445216 -0.49874687 -0.47304158 -0.44733629
 -0.421631   -0.39592571 -0.37022042 -0.34451513 -0.31880985 -0.29310456
 -0.26739927 -0.24169398 -0.21598869 -0.1902834  -0.16457811 -0.13887282
 -0.11316753 -0.08746225 -0.06175696 -0.03605167 -0.01034638  0.01535891
  0.0410642   0.06676949  0.09247478  0.11818007  0.14388535  0.16959064
  0.19529593  0.22100122  0.24670651  0.2724118   0.29811709  0.32382238
  0.34952767  0.37523295  0.40093824  0.42664353  0.45234882  0.47805411
  0.5037594   0.52946469  0.55516998  0.58087527  0.60658055  0.63228584
  0.65799113  0.68369642  0.70940171  0.735107    0.76081229  0.78651758
  0.81222286  0.83792815  0.86363344  0.88933873  0.91504402  0.94074931
  0.9664546   0.99215989  0.93665983  0.8455229   0.75438596  0.66324903
  0.5721121   0.48097517  0.38983823  0.2987013   0.20756437  0.11642743
  0.0252905  -0.06584643 -0.15698337 -0.2481203  -0.33925723 -0.43039417
 -0.5215311  -0.61266803 -0.70380497 -0.7949419  -0.88607883 -0.97721577
 -0.98072103 -0.95501574 -0.92931046 -0.90360517 -0.87789988 -0.85219459
 -0.8264893  -0.80078401 -0.77507872 -0.74937343 -0.72366814 -0.69796286
 -0.67225757 -0.64655228 -0.62084699 -0.5951417  -0.56943641 -0.54373112
 -0.51802583 -0.49232054 -0.46661526 -0.44090997 -0.41520468 -0.38949939
 -0.3637941  -0.33808881 -0.31238352 -0.28667823 -0.26097295 -0.23526766
 -0.20956237 -0.18385708 -0.15815179 -0.1324465  -0.10674121 -0.08103592
 -0.05533063 -0.02962535 -0.00392006  0.02178523  0.04749052  0.07319581
  0.0989011   0.12460639  0.15031168  0.17601697  0.20172225  0.22742754
  0.25313283  0.27883812  0.30454341  0.3302487   0.35595399  0.38165928
  0.40736457  0.43306985  0.45877514  0.48448043  0.51018572  0.53589101
  0.5615963   0.58730159  0.61300688  0.63871217  0.66441745  0.69012274
  0.71582803  0.74153332  0.76723861  0.7929439   0.81864919  0.84435448
  0.87005976  0.89576505  0.92147034  0.94717563  0.97288092  0.99858621
  0.9138756   0.82273866  0.73160173  0.6404648   0.54932787  0.45819093
  0.367054    0.27591707  0.18478013  0.0936432   0.00250627 -0.08863067
 -0.1797676  -0.27090453 -0.36204147 -0.4531784  -0.54431533 -0.63545227
 -0.7265892  -0.81772613 -0.90886307 -1.        ]
